480955 723863 486034 272654 956171 694494 678433 387090 662614 328033 926153 837149 221102 423221 410145 399920 686064 443917 324011 856763 343920 416001 737638 246440 896647 809014 295767 284321 639548 292158 754517 935654
813282 741110 449177 456859 694595 600448 161512 160175 970932 173451 494490 461843 727656 616198 752095 508435 541459 324185 165036 202657 737968 829165 662428 595122 373161 663528 383942 763382 471691 915806 659624 549215
996852 615764 271703 536479 357244 581978 699974 885265 669546 190734 890099 172351 135289 326907 289255 249672 325419 201641 211627 575560 982394 128296 978775 121973 972904 622405 764204 985803 252589 526788 183706 874161
846249 887254 437438 645566 993268 875189 444794 943532 602075 301491 570673 557557 935861 196286 880892 531803 535426 839087 171832 388200 249207 209306 896367 865633 271867 543615 406915 314943 312180 854439 588678 504065
915102 652410 899379 802663 676305 419456 466603 986421 754503 238990 727818 572293 283420 186739 766346 201742 991170 129890 783469 673621 919101 355326 432948 769036 210525 213212 906056 868043 922221 934799 370888 332276
349741 840833 326482 676903 533645 943400 991984 191849 132382 695979 540192 549785 882961 697883 165935 728976 897301 391563 452040 340793 860898 806876 989360 834850 846084 478203 328130 691235 818428 383789 342680 508248
987469 546474 408580 760655 242862 162836 884975 830633 892364 555910 204237 226835 750398 216227 172946 778076 850056 642568 607691 612944 758994 236684 340239 754593 310354 184659 676453 864711 979958 604436 303183 512082
762997 621388 347030 265207 310288 773339 105197 355494 164513 681611 452365 370787 245080 239121 991821 791382 188127 581360 174471 723292 564236 222967 589632 449139 208331 448332 378039 435847 627708 244992 412191 696538
247369 987037 877560 776062 976565 974739 169508 375795 701857 497293 435241 380244 181402 983157 225068 748799 270255 368697 214797 781129 725654 465121 616347 472125 109926 695232 862115 890655 119610 971121 516193 138053
731222 744670 345155 588851 582889 296058 412126 477586 628002 645011 586069 291277 967422 610882 348317 685044 452425 227113 269702 852288 314160 191039 563780 487367 655821 349565 805828 763315 135430 195887 434147 242081
647743 539260 382241 166192 239508 389279 974198 849896 661993 349386 202309 773046 401971 891156 977257 390293 287423 445730 714466 669090 378033 518959 666818 487365 736064 721010 135246 990346 144857 530616 972226 421682
888115 218199 463173 407465 483545 208463 367384 882694 427420 925658 845549 197608 642923 401964 507091 755219 195239 914796 532050 112430 652120 951203 321922 512669 421490 771860 536601 625543 381655 492172 254326 868465
692019 486793 660008 530425 848923 710555 598829 188368 147545 520419 371488 936283 197755 422327 276844 183673 488002 854788 626346 856442 709773 895596 303607 352973 548524 244007 305492 902235 351539 979948 970576 614002
523112 133896 888886 870066 440934 840173 321260 538053 869813 928740 950598 118428 171221 820492 271077 136916 406241 125970 338606 262227 600987 830975 295222 149742 472532 846295 464296 232849 815878 405750 682181 508702
370636 901232 798417 120485 559050 520581 991885 368777 518645 124596 432525 927606 736199 535405 928828 159576 913526 388497 663961 878630 601500 443609 841808 489818 203309 158638 217218 373062 294947 183691 679844 806897
388383 315522 911966 116383 182334 745483 460182 850461 241533 268863 320370 491520 798905 687647 481402 867908 776307 899627 863951 243953 232940 390272 422560 341248 736131 875817 715140 334814 678730 865250 137460 103182
463640 962518 535444 154838 897247 723117 218598 624547 323836 190406 216183 307303 383581 156457 221011 761638 719219 125903 115358 663906 915930 278586 930257 106549 377688 349641 139302 700014 491255 995011 504301 389473
427826 621845 557631 882121 579773 295008 902360 247594 443298 262152 334943 914694 448117 361940 414020 492892 927252 153653 762634 291029 120516 981563 921076 652259 129451 236233 904890 271853 833998 788594 978300 357313
239139 775016 472480 606782 203005 973795 968326 717741 858069 101468 463712 183187 105132 114021 527225 823110 184079 783929 385427 753080 326815 841695 396810 374877 119525 529788 549484 602590 289915 727973 334097 987531
190312 195129 961972 262617 437228 207753 246893 624888 985123 385573 554972 655933 238320 551143 395022 625013 559563 181682 175201 878868 216480 158123 527767 657299 399953 378949 666984 406789 334995 597131 842047 484673
296175 419516 931328 414029 872670 510121 222526 119136 498666 701825 914677 782920 458079 561919 854455 235598 405778 757978 231590 834948 701301 181902 258960 556383 204876 981415 873928 108281 255353 195130 493420 597798
824101 362194 312471 209854 160211 642222 653019 747772 191214 843587 392430 755738 349249 207357 988135 812058 187436 604391 298578 930086 405385 709516 395999 857429 192588 228182 132787 488385 573915 861725 458369 292292
174455 927891 268757 241214 934266 645299 383571 406263 410612 666324 156155 986546 426744 576756 579834 756783 256825 753956 333579 333311 535553 327384 580530 228683 424285 857083 495129 318381 980900 953440 134751 939451
619017 217647 529309 754243 874731 303053 107656 602081 328765 371944 866302 324123 690409 826606 924776 430078 714254 242340 640401 689519 254108 296576 636500 899457 105314 403672 252233 417376 816538 153964 549341 673424
425222 911924 815599 757236 882618 739264 730040 940020 351571 853597 984598 421637 178092 491099 313621 257115 755679 810632 751389 249731 199751 739112 700464 251831 890518 938040 381493 759908 924399 115010 838774 947738
256907 479660 490959 699701 523640 127298 530061 135438 240773 423172 799643 325109 786207 909142 273605 751607 991833 406428 193006 428587 926787 284684 294283 235223 809995 764087 804688 459383 188136 317901 891956 321987
418013 119153 132333 153681 923849 563054 282578 494311 853625 344555 620405 372735 394113 312497 117413 812910 105851 693001 125300 844057 980633 540607 355642 599982 156234 696895 296849 483368 779682 463000 170165 293794
269993 992467 727273 972813 208644 445545 405846 561436 811226 172330 862301 523199 916348 850456 920586 660806 969246 323738 526612 779117 478296 473931 460700 680432 762156 161837 610631 282405 118492 491257 918504 142472
331193 828534 717274 487329 630765 565005 656563 183596 735577 940010 441707 365794 714654 956992 293306 198459 976606 656609 225085 157731 758874 815167 331890 505277 411075 276822 968070 719063 946541 378884 722179 573030
284983 726557 562430 493413 395477 818377 934856 335349 562334 490766 894418 715471 371249 379522 687060 365200 952961 819977 976308 481633 260563 483005 906930 557399 730022 655485 293289 641750 581195 933679 301692 301704
559779 225557 740957 849411 265996 146607 878242 108242 195469 511277 359852 108118 755050 822475 533357 556681 426078 858268 176232 315172 564635 333151 692370 474226 921463 815752 419928 160131 391633 349360 718655 519547
331091 594505 152341 527764 443399 615593 908855 664258 416768 468500 229639 583251 992566 881033 309880 768912 168288 178900 249518 914839 694679 450652 931761 532535 902906 870533 662667 239320 321216 827003 267465 174678
