901944 649213 796090 135714 192437 522696 296038 696292 728678 538164 151600 276892 616214 326662 705955 520883 439680 612420 630865 339808 476979 646410 202862 733851 246021 603145 181487 165407 552516 970273 781083 486933
147860 559382 423338 511513 269779 439779 503610 363707 408974 389039 394629 392860 603846 712167 448904 906617 336542 559366 622353 294371 572315 433201 142797 628881 794564 621417 462391 996236 282272 748366 386762 116223
201586 174261 526798 570670 881335 604386 982310 520789 897888 894231 244754 365090 179256 555083 981151 539165 504834 163849 976736 354251 211144 216552 507301 777584 382441 655756 697247 647208 219611 109915 722686 865033
945150 175100 689396 165139 946176 127284 944332 552305 495570 282766 322200 880149 886924 202540 389207 272232 949249 381094 770171 116623 941819 470273 195475 234312 787384 734617 556619 862829 298642 909083 139434 751630
158019 651186 253212 495188 302355 153901 468259 880974 755696 176008 236891 694325 953795 290631 320739 266549 646346 210266 895040 723849 267370 950446 210655 158054 738279 152901 643134 154450 885098 667946 832311 204709
776291 440507 540715 430474 330942 684717 774152 811871 864436 252686 428102 151707 624931 526593 192672 897064 797647 746130 922599 280246 719182 934870 198017 984292 268621 808552 923702 755347 854850 138968 282737 223429
934828 338945 193889 362630 139809 459812 409381 304710 981439 644607 416294 756839 123228 180290 825269 855893 731394 746415 176665 464379 266656 232857 200876 260051 900145 658776 478950 802530 924815 852885 117709 182995
709467 941035 990085 882286 819777 587412 320198 452960 211837 640714 730988 614869 227652 608783 807492 473254 924342 406081 757742 905424 842401 505133 817505 754272 900850 575534 531058 903088 405025 272210 746172 449605
260470 957965 669055 345993 698092 396025 136949 428499 875051 974491 132100 955853 715113 539684 433385 887676 870728 562662 167756 950252 479832 803929 720150 881534 134566 713989 616532 620654 538074 118337 361038 113019
658342 110796 317036 889819 792220 449629 581681 402740 983283 136794 503707 338496 312300 642494 685646 697988 769205 367549 544802 150632 169625 328193 358865 116890 801061 857235 744264 944621 147082 935831 712846 700303
647888 608450 260849 447994 350937 489639 148349 786865 842771 352201 256673 602233 499958 869443 569651 514491 247776 387570 684338 936733 705300 392156 765835 714922 228825 956473 829717 695963 891688 495133 791770 525779
602473 525570 886889 318419 206464 572395 388406 588449 610712 144093 673875 797615 398727 359510 378700 156764 627548 523351 348386 295955 794900 660313 184487 530117 187391 980211 894791 495280 336716 539661 710293 979455
618275 402093 185275 403981 981297 523398 181065 113682 664382 633396 787297 751960 219098 614051 693158 164131 765535 467896 349067 758165 959245 290976 206867 206930 486214 925544 823316 810285 410392 937204 464385 457307
656006 874372 265176 623427 475615 375833 453662 901445 461951 850431 923268 279980 716202 696381 891239 557017 694674 286221 405560 870067 140654 770389 267101 112557 887466 656563 289692 701505 725997 582084 837233 897340
956338 254969 625496 159270 124482 869005 417472 463821 805682 641090 739597 477620 813041 825769 657694 703332 865179 356886 990870 605392 145909 558685 683872 353690 113310 717666 555381 368766 828338 757005 727753 309283
741222 181530 491345 460617 131784 216900 108108 870807 947481 174737 287470 824393 491414 575079 407120 334193 697755 295328 172971 935836 742925 461002 810995 890667 900252 132412 960363 362402 637514 418684 623556 155146
854534 226504 383873 105274 610845 938829 319337 900898 158782 466936 773799 477235 155308 973582 919790 266790 994938 121354 992598 952744 740716 817994 200048 142322 268549 589653 310664 929432 614181 540293 297446 261596
429479 820142 920174 863511 580439 969623 585470 683807 608194 395118 610793 642059 617824 328919 795328 363416 655887 472011 198844 739004 754098 261411 673608 959353 910350 717170 778305 969752 303147 417562 531324 870033
346281 713015 266600 428574 707208 176092 148863 806775 969313 320838 935372 419201 784387 219776 435001 495600 452044 553163 775880 994934 400818 405506 896633 745392 937910 640373 345478 208055 629642 554306 479172 625833
923001 373059 849627 242552 207177 906617 189936 107757 924758 528390 955827 471080 759883 845304 173247 265912 917695 364838 106949 807267 831693 289924 603506 273242 592502 877249 822327 736444 369905 965227 462522 680669
511643 363714 397295 827730 169402 670059 821599 245860 351682 750787 630926 254402 404200 313481 680789 290662 817586 162265 487280 725401 757923 106202 118872 575174 125082 374692 821631 777941 987120 105467 987262 549702
450281 606900 146738 761209 624425 572185 596793 735565 897526 589393 567697 308530 751710 374092 190501 252455 178792 751863 621298 766833 137493 250120 711501 749447 933814 497314 570120 608641 696169 436314 552698 603633
425068 772226 832737 859536 317477 251691 545381 588709 808804 314770 307001 705314 243212 469572 381965 568168 643831 906647 865607 573024 191428 841741 422908 369911 452984 229457 791187 977381 834360 520784 907997 618442
280297 440412 933522 307744 583879 299844 363998 418404 575207 399826 902388 246285 466799 157127 218314 299631 937072 991129 478956 130588 621335 499858 347932 457804 215588 222676 629280 726884 197217 622001 880558 415081
690379 439321 960619 612762 472110 246197 963804 893703 562400 118834 424920 586746 144617 478015 555486 927886 908032 489624 289584 881602 829689 840353 875688 851658 610196 805134 579724 133314 796626 377446 328163 350114
532176 831662 923457 700991 714399 561904 369109 676312 631357 560177 596034 827221 580878 573974 850023 718338 956198 279795 445117 258323 445764 261566 136759 274969 527659 823578 726327 529764 271622 952141 790655 390905
684804 867504 441916 912908 327140 165707 852616 638830 165223 690666 755068 709459 716293 914642 146725 168413 586016 440887 554543 922618 587431 659718 836879 362428 310073 111463 235265 624360 780070 920357 295595 578605
813666 852505 789464 273240 168697 623837 165805 914120 733063 644529 403048 297758 139434 386481 167828 749190 678145 432659 290913 712800 227582 794748 598920 845254 257826 520230 231739 371798 348925 959516 391881 953296
639176 878851 983867 439241 204642 554647 220344 427175 246926 447571 603680 396173 412927 199645 465668 190248 899446 232732 373082 311529 188354 504412 722106 884201 375457 371956 441607 657801 273586 633268 343872 162748
207518 878717 485445 357382 233207 977435 948691 917239 384143 872170 987159 314504 374812 286113 863272 245169 526900 402084 573845 766720 918822 610076 204106 502356 333879 514712 916531 881186 337645 345943 926887 243251
866332 667683 231647 734304 299879 323221 109246 184523 963692 548119 140274 341792 461208 406278 191756 690590 224052 126697 482600 126901 389451 204019 104809 247080 835632 765826 590417 446154 210461 101189 578167 178053
967876 345894 908006 860553 732420 946735 100953 814606 108640 826657 450109 448854 955884 725633 577688 563708 567147 179338 717321 476143 377190 548613 943960 232203 963182 831660 375493 414953 933562 485220 438007 658443
