140585 592435 577463 272341 244181 856670 902880 121828 547499 426282 211168 463798 488122 803721 801765 617148
342845 585925 646400 927996 649001 742494 250557 907526 220737 290565 863226 368324 977117 743516 544442 493384
703802 719155 350824 857243 959578 546340 205491 299337 729918 791502 155803 618380 871448 472524 442297 173070
265827 341029 784360 489882 678234 307663 630979 932274 305843 925775 436913 360036 794091 820179 537476 441808
925581 840760 704809 878894 333396 972685 831092 784315 334181 827784 698117 895271 210159 782301 719462 825240
580748 344417 155183 829932 367289 413194 699225 768164 269486 209847 132208 992616 274060 685710 441144 742718
499256 225287 502593 399090 697397 801481 645735 574564 405966 996386 712897 753003 414925 418697 811473 757741
858683 147405 711633 395055 619303 178003 489425 424001 860306 610331 830248 116992 989365 920714 706447 199701
670178 735450 538625 362318 284594 515947 335545 688163 898499 789879 218843 990748 651628 606973 138249 754245
383893 215774 233398 780422 483172 482566 398993 132100 316792 195332 126469 119343 233402 764160 652467 625091
555031 524644 461513 452151 657920 765972 512775 688331 491124 178202 447947 628344 232330 532173 711021 668785
546245 541729 328351 389866 815721 726829 494960 271522 307271 489461 727939 769895 378716 442466 921590 198415
712098 553385 892430 300498 950838 963533 906244 624301 133569 587884 336657 825518 292240 327044 702678 787116
240444 994073 730540 751377 157084 386757 162294 113528 420770 918489 243284 970596 655400 201720 541098 462595
775236 141070 405932 109846 977922 232666 764803 599314 886237 465423 631176 899764 646185 246047 804485 634714
626162 878394 729763 889471 261387 834178 386170 402024 886009 246758 309277 441359 826355 610655 491656 516457
