352495 127566 960057 312605 492878 170407 583717 164575 268476 504047 541426 742918 726343 455121 261947 525961
161188 851775 869673 965402 452924 981815 550756 646481 857031 951469 492867 534082 868496 580052 853038 230460
374566 710366 522853 331941 389567 786483 148737 553981 950760 198445 557110 846112 499720 567794 182454 275585
828866 506366 970306 712646 536671 262671 655841 216929 100021 322167 301558 373597 215130 857924 519286 543824
351089 973761 539109 745176 143336 908352 340308 727676 699947 545536 775211 965496 657252 459808 607718 976525
101766 989644 221829 993315 223104 991752 838513 105137 982991 235985 373645 374696 215801 278870 834424 706502
517420 766998 514094 442528 110741 813927 995422 839067 379316 131199 763467 753013 146856 471095 361667 376980
217098 336301 310865 983898 422940 524194 952637 390577 877502 673776 154952 563974 537696 976980 780600 296806
556650 915426 605093 491790 169683 267207 304267 662652 661442 762509 244820 408944 370504 406265 653784 724433
159582 689255 290259 618360 508211 249631 813785 585595 221086 302633 792549 843268 810510 626401 639139 488617
762835 587453 954153 672707 206621 670301 969649 905659 718361 905743 100478 226998 551105 208197 388013 660091
866151 509843 508466 483036 521080 712557 594779 885003 751175 199419 452754 791267 913699 795004 898275 893926
941520 798417 614654 540402 519894 797616 944011 420162 927605 347772 430575 585589 434245 258872 975985 689383
498357 940801 857756 830685 517711 653100 934595 504215 757872 187936 605511 166889 405338 596374 792123 145424
970482 484113 152673 547305 939333 239574 602672 480264 390570 721822 481147 702779 794491 983304 315242 224544
448157 131172 662743 333122 375586 172231 346509 695514 342843 275496 115969 961344 500119 719387 883360 622274
