791382 241995 384310 652614 453268 485608 981829 857325 562236 669415 798146 264853 231437 471172 775930 416694 315648 624402 555046 304728 959832 671686 376772 891361 969353 313536 571082 471064 892435 882521 604322 651912 591575 999607 520580 620143 515013 365078 350227 327793 505605 389772 962850 758496 874917 189267 777977 443422 141369 306505 181703 105303 283774 970144 271747 489170 934139 614285 778827 314825 507112 528593 184485 227915
466054 711768 480907 268452 354732 212562 125783 267489 204162 717939 763586 122545 703657 965552 351053 387638 857036 587808 258667 789651 400834 532451 704221 868226 523788 217925 272355 621528 791045 936504 193030 798534 565244 218712 387569 449018 912240 791394 233786 590951 341934 144637 213337 535585 690424 869450 321514 445486 455000 585370 102474 614739 422700 631584 684774 754771 537055 355637 514049 375040 443118 255200 359382 945301
449390 926498 355615 944774 655189 800533 669086 262025 493133 544165 760480 402627 588046 792416 390092 635825 250445 104969 561155 318091 591081 160729 826305 556287 713698 835160 789143 820276 622198 421643 616985 469681 214076 353718 890620 526672 788006 823339 268319 712178 213601 960928 709085 360461 485473 851063 870473 929036 717268 346544 457838 919972 785907 422521 702249 265230 255136 490476 444620 899563 537881 374503 474411 736279
651244 778372 728733 627852 497619 788800 241552 234119 747393 338070 297432 116276 630981 656511 656953 532534 332223 495343 945112 679394 502115 735776 153690 419961 175830 183839 530423 920474 189075 793506 766669 775219 206115 956097 496838 839023 445165 764835 442976 221215 937209 622701 980470 712824 527978 332090 996621 974494 450789 164921 324447 507352 909573 974636 247369 443006 591351 710804 849917 396127 181194 512256 225186 681303
751447 797947 639685 575165 520979 171693 496387 639341 613591 310610 191341 351769 558564 778526 141097 200546 818975 723898 952300 894374 593407 639317 435107 347706 905481 243329 480132 432915 676562 837528 316915 396298 195059 515215 926799 598807 701581 733028 363616 935937 671846 897126 130398 104966 762085 627524 941367 790390 714919 305801 165861 109686 652353 633011 253506 744124 135943 747037 915768 457000 212160 744671 653930 317955
921915 460316 523106 581090 767349 260432 394219 993190 559395 752332 316465 227858 829595 714661 182991 866127 367423 617819 986797 680565 126902 219283 565026 455805 916777 427287 901337 957864 473027 389786 217611 483091 393784 520093 599659 856422 718400 410092 653269 886363 711490 208732 262950 789629 884110 299120 289102 567984 234401 851616 117118 999931 393971 135477 160407 966617 595652 973527 301644 813688 366984 251014 263109 155614
890384 562066 457583 349623 708093 530700 741464 686595 343008 616297 860733 351430 111960 168077 437063 766615 622133 817034 510160 498994 421165 600546 882468 540289 549345 534783 271955 448155 954489 455139 928512 565221 879305 365091 833393 555708 525228 282274 681895 876689 620656 236786 332426 873794 900572 490714 458496 203977 837995 984855 792803 264951 177334 813752 623588 694843 487087 804318 352653 976283 178727 171208 532600 405109
880271 854495 288432 354577 997587 515657 889841 130211 287922 897195 481869 555853 670480 120873 451135 568873 441400 613417 723208 642612 685016 652879 584434 958382 979280 856733 257934 121803 626470 770076 894632 680512 185181 522381 283453 253831 236919 629120 149694 200390 535342 905610 816071 778938 257799 419628 940824 271416 971173 401776 833089 963254 713761 460870 191102 248875 628677 142181 806242 461241 968831 715473 815049 937959
680363 294077 973780 275630 943165 205740 421925 974566 933735 974445 380239 560899 902285 166622 438276 362593 929688 332797 722652 409792 173938 390038 795017 495388 585197 844375 893068 881174 494549 186779 174270 521342 709194 754927 944716 452284 672144 204924 170639 610027 213009 767190 634728 443161 446604 743178 391550 618271 694527 214065 806841 467794 582857 717033 151651 930594 449060 683120 771209 887819 497526 167766 267154 218651
308256 880326 240534 241361 110310 390338 824199 253715 519117 294879 874793 641862 699532 148806 885651 316778 479518 566745 248257 621530 420824 109623 335428 975158 937955 772381 798021 860165 694537 503434 108957 320922 294273 705126 671424 510617 166052 201902 565539 550174 284329 542254 227268 473958 340510 987486 551744 785737 987278 185530 480471 262202 274228 201284 799263 958382 228800 207439 110737 323588 679111 183591 279026 493655
751961 837265 984094 176980 993327 536701 986880 929282 185322 883594 724549 430742 478212 307713 371267 319656 299712 144402 132720 847311 732728 899106 137314 274880 970136 688758 770712 826043 327367 273296 333139 252265 607294 420346 172921 302997 768883 833939 263049 761956 419406 190095 342476 377670 261928 319206 921810 258364 750002 599682 418863 930371 551450 311811 817988 959370 615332 532217 766865 241024 361970 842328 263792 352055
719999 555281 450480 561553 901348 215081 698864 295111 595170 499125 981708 868479 788096 397643 880379 153330 181565 131516 139777 538342 894516 171301 990453 702504 273033 173028 163445 951210 805117 106765 874239 520446 375219 978072 413639 403887 649348 220163 540287 271698 814987 743870 720528 678036 431287 890810 165986 214319 920869 920633 479261 942912 247369 343561 578871 497453 429829 247038 121260 461216 986730 479694 734786 394159
673878 450292 185311 194193 234269 130832 289513 978357 124561 995823 133495 197846 314182 621601 890266 863588 917108 127440 954485 472761 912219 901575 491487 127398 922748 549492 886426 186648 790218 637709 906026 279517 652485 186680 528818 390272 156663 727729 609184 530743 795785 183168 740226 887837 311075 355283 320060 366659 864721 341753 550335 881364 857245 487555 750599 302509 945632 613832 138010 916961 166597 242686 737451 436479
846413 606736 876509 366751 243796 613970 261325 446324 554421 240928 542447 434721 140016 600312 332997 639743 681830 514949 600183 739547 640072 203340 678546 456488 208383 166852 959304 515012 517813 952145 928782 783437 643669 621678 662894 699023 373752 176439 485279 329219 340210 281113 897466 217803 110442 899066 735376 798921 553484 386891 209482 492083 242244 624318 268014 433227 826957 353540 465817 306802 680600 341550 235844 193866
595373 973252 564182 141578 715304 803444 209156 433674 959101 484728 263452 815069 680252 201280 430750 407538 954452 728424 814733 494118 671991 759397 454916 662551 636008 612854 861934 409444 685646 353614 242954 966449 249792 804775 146175 846193 387926 219502 471516 684518 327584 942323 428683 287306 252090 265251 539836 751313 449204 939474 168029 716953 875087 309785 808212 581275 851014 847039 233621 190095 611055 177762 186109 482118
166166 750132 613638 219427 973802 141312 153532 541172 635936 511398 654755 629732 745351 517180 165225 818794 252238 954744 926583 682076 416690 764103 289101 525763 355892 284233 874815 953316 151208 701125 239149 221314 923412 542129 715219 110521 144849 177249 541051 364367 670711 692364 123485 118868 212945 206284 508298 972707 457080 120254 379404 205314 805880 799327 117444 508909 643787 545339 157599 535619 369869 497669 920528 313540
943015 554496 769393 767136 234480 772617 199062 146641 599716 934981 342930 609263 938889 867326 267007 208388 848319 967063 525710 805617 854053 821974 202889 159435 326382 497136 804671 120287 971354 917325 569008 709352 881945 584471 661963 450726 583365 401175 785486 134583 996855 165556 795602 533770 161456 426622 534556 907823 837702 997109 294191 885759 818313 169803 976747 244007 133004 677700 905157 890567 776333 902527 168822 732393
641146 108044 494242 272123 137867 965314 791711 336250 746091 136110 494902 497180 304810 533656 646162 576709 491466 918063 607395 878713 165425 433896 297310 693482 779477 313094 987035 945418 882233 379418 734717 410214 949725 525447 705056 694051 188699 659866 501517 443642 471517 917794 507201 882092 375646 579348 498724 398535 399979 769085 232894 959014 256221 478774 487906 795085 370748 149856 252822 205419 134143 540246 891144 995434
192451 207844 485186 971199 454471 488800 724019 815777 529298 200784 264622 243403 118416 663120 925121 968113 310214 700062 677796 438925 553853 106248 810047 765175 593085 896017 958332 521436 422883 562350 947123 543494 164163 624831 329588 154515 303911 479823 926548 816791 904869 122206 760246 393923 543131 693527 833778 156093 631205 918263 552894 132842 144935 428404 915757 229576 868501 229422 969220 930663 217966 596459 201417 810591
784045 402071 793971 581821 812402 274795 483316 556064 333188 277011 109786 689608 332613 330493 702572 339369 206073 861420 475268 859778 427487 103242 353063 619021 159808 915614 644873 570344 463641 739456 639551 742155 939483 388119 846094 836558 342052 578178 451460 817985 244967 580469 825381 759169 830879 358470 507197 325161 555019 937583 573758 183557 150526 490158 860388 136192 195782 413553 777058 833253 920343 402035 809348 524805
868446 946996 415587 271875 850231 450629 939115 127371 619714 930686 601662 436929 703012 591541 805882 527882 430558 870930 854584 402021 684020 817956 364917 402073 237784 946242 682233 931079 574945 643470 884447 877322 798393 328468 655371 451937 698258 499928 808633 276670 371244 665063 599110 481613 901096 305299 669670 163425 828649 671761 626576 515837 545987 256602 755209 907118 375790 762228 404163 850060 826673 607060 195661 514323
371184 379687 298015 619949 771343 520473 776483 497090 831673 848660 256975 928127 153055 863415 853902 280782 151176 353043 819452 276638 585632 217261 302579 197158 560597 754056 386946 103236 190216 513144 878377 283480 319797 957305 141052 820392 891521 201736 628517 224431 827761 847956 233013 572120 484325 897187 202827 227638 182353 107465 411457 419069 768420 365956 490784 663757 112613 654094 248703 557075 586831 234240 895982 410376
190692 356392 791610 709654 481072 236710 531823 657169 284655 762572 136162 118833 353561 589691 137708 676839 931688 158802 901809 494014 358068 921082 418512 196813 891885 562097 934584 415677 952405 380304 215003 727896 765999 835369 119189 431132 237059 334400 192496 518211 161242 770901 603617 513665 540996 186589 274168 886354 362814 755676 558984 307828 377020 414342 963191 308313 254861 983880 211101 386846 401838 839279 967394 812139
624011 431532 848016 694575 506556 518014 250087 157818 954544 475356 301077 910986 464168 958130 696847 454642 232252 419161 280348 214638 886065 761836 430393 526382 703757 171572 713206 722170 575820 700366 341273 412624 792979 790222 203499 492600 749131 786419 282254 882485 893956 192469 188887 708272 417701 263269 686499 111521 774776 382311 820584 460357 721569 125412 339627 993155 938514 872699 626703 689880 528791 413328 257009 721441
718738 700247 716256 962913 174491 339004 684180 932392 487249 485141 662078 933262 171731 693906 144412 228899 686828 419272 314755 633426 494596 788519 727549 761129 812596 287233 464148 682035 486344 610827 527524 481227 293959 133736 144625 181013 168768 183681 148987 199750 932089 681551 691824 870742 671371 773093 751229 814037 236789 480921 669235 886774 505144 376619 262480 787399 429930 130293 326573 313661 802250 108784 730898 180813
945205 293010 386388 753203 622443 379619 971979 371663 848913 415450 420187 816780 245510 756565 115854 237319 222223 374888 755035 195081 877374 964428 389902 429621 755777 177764 930233 405640 136705 806982 228216 857743 684199 886091 201530 129810 922800 865778 628481 760922 843920 347922 259244 802378 450281 375856 804799 403693 870123 214097 544952 250904 497241 242129 213509 982078 994470 201968 521289 639812 569203 768955 204170 406038
207765 493984 101587 943987 102106 683381 613852 982050 545645 923960 475672 522743 573580 703171 329889 749443 365603 916460 194393 175554 326239 996989 173406 122149 910971 415614 878370 668330 269246 337993 653288 888589 314810 265789 559257 456328 601471 998147 697849 586299 589313 118957 765061 849193 290284 763494 420763 677400 934220 641155 699712 984697 539523 876599 197119 579283 131567 495197 708201 775230 785845 546954 458111 252505
197853 388650 890457 965155 307762 132080 541384 760575 305461 130926 717328 457191 446484 501147 567958 302064 939051 623082 783673 738319 315207 504111 595160 349916 555431 868339 343233 510758 303414 407069 963472 259600 278405 438442 419842 304794 111138 414032 718110 393059 779499 320434 495195 606508 300841 253276 111658 482972 385906 953752 680181 477484 348216 674618 290663 315789 585987 924558 600765 869918 541806 316308 901510 743403
333446 201193 798618 782621 266247 796908 261732 721363 295230 652601 440664 465432 458318 660153 431616 303326 685736 687298 695379 896993 787513 505937 382518 266524 104365 201413 273530 268552 509768 529346 617381 588232 184020 682168 202412 987319 938514 340196 474251 545769 893414 798614 730847 575014 920836 258233 991045 598684 577683 374553 127469 959524 695080 465232 240417 206344 766010 609689 521089 527393 129459 155611 572626 346454
520618 575522 588530 401962 682833 155614 184422 228081 589209 292919 817149 565113 984645 113253 296436 464433 654028 737717 215216 235159 331466 890631 722277 328040 245854 190003 322612 773221 741855 248698 501502 208466 332444 115901 147435 484456 125548 766637 514816 862647 774098 308493 299646 644520 899111 190711 835008 382080 352179 821595 189628 998689 644418 933329 514871 135258 549732 175154 301185 432818 583195 705520 683697 100899
949851 530963 594405 120306 687457 858211 382351 786986 469428 679604 352630 656774 297996 188358 357957 600985 849088 338051 763372 729707 387504 310519 808086 888575 345806 532479 879204 554175 820811 508481 655648 767547 624578 608923 944547 938388 563297 425170 873880 345201 265459 415267 645981 762330 234470 369338 624403 794911 464048 267489 445646 601917 306558 191759 979705 408130 137642 158538 827750 625727 784274 744574 108744 616506
149768 396362 946515 639779 739701 466809 401379 341505 913563 923725 652204 191948 862242 637827 238039 637870 875673 984048 440111 120950 729465 101557 841791 288568 840504 356453 872668 907744 672366 121344 817116 911301 528500 663567 663941 470413 778979 304532 288025 957418 222377 708549 924346 200136 455305 351153 818404 444163 898771 332958 202639 915570 307904 495195 593428 731629 954789 932345 595572 884344 788351 335600 848190 528382
369895 724459 299036 467799 728774 538763 313976 506155 951569 379696 571113 396876 438659 892612 990244 831277 706197 412129 878129 468182 942214 701787 709865 711152 870331 989308 494774 623935 576458 421405 353059 605398 326061 592936 239704 884120 144963 161066 621574 563484 898907 285886 905362 632182 388233 604981 297011 896225 525400 484183 413384 374710 972502 712709 204282 181891 715859 228642 440982 425362 848219 336717 803121 810033
444397 818502 820575 974912 517344 168907 479970 155580 764841 540058 968658 411493 701228 330209 576173 816335 949917 883044 284561 487696 607210 758238 201429 913659 426215 528046 634652 588730 658617 337167 928210 967293 229240 768368 876795 705812 989717 552547 433950 549207 186044 340897 354293 617207 742925 461475 836855 334071 385541 928062 596999 666676 425710 235711 299931 526967 562952 151849 171442 366175 774595 796739 985340 738130
375442 615975 951165 621514 582147 486559 655395 658789 393083 971491 547196 437616 793033 237501 261676 176372 359388 928484 314317 324304 100885 620725 726023 677519 254437 178349 235200 151444 898202 316335 555908 705362 227604 741758 665937 533870 273130 184158 581713 913229 825798 112792 815400 388772 428953 441187 713937 503378 942132 849690 184241 924134 139877 464263 958221 762294 113047 527020 618881 154646 302087 274116 922837 426502
530849 334670 903990 701380 154630 962479 506525 715733 684762 381365 550812 666009 387857 493497 127898 822717 604884 448001 570885 434461 653445 973127 372326 351875 698281 222676 633650 101797 240652 749100 564098 305335 447161 706447 142184 560934 272795 535506 795010 144742 791560 697465 311924 895633 822693 310961 552019 966736 779363 859521 159948 632389 153141 774719 809592 686245 669639 748406 593970 312730 544906 353592 741380 212908
710091 664143 231127 911325 357784 659229 261302 480732 843079 624273 160581 532773 508520 580401 463784 377056 574018 683032 612017 528675 506991 959922 360395 463070 934010 307590 165228 142790 139601 541837 536794 201687 923722 132470 837918 295909 513592 608262 389143 392416 364639 806926 828104 424062 369877 467721 382415 433288 534783 104830 706440 802882 497715 154102 416979 554833 104779 442854 357577 645769 721406 126847 576702 384339
298145 957923 324189 743712 629200 561295 721663 187778 756324 385553 711852 914957 479758 326297 198847 367366 106714 361952 230020 114278 848446 211336 112908 285247 800715 546876 338258 489875 847552 432227 334406 773578 257658 245164 680817 949307 154443 415060 297327 196378 522133 520468 244851 192795 676723 937073 229570 884133 399840 338328 535723 419877 889626 907999 738036 425025 731930 556891 333736 259338 546934 252086 980900 265399
520553 266898 892241 436934 464116 434123 402449 461570 105004 969288 456865 864048 841561 536727 447227 132373 817439 557702 605991 278370 232048 809859 406016 834975 536917 710042 815206 189710 981893 425280 300506 841229 829826 988308 767422 187108 368177 919676 667119 522208 677924 932160 512511 630563 906919 147682 542092 672606 468413 390355 990302 670988 347032 334181 511942 230361 174173 454895 612177 360146 499653 339851 622291 761950
316979 148589 479950 874319 683075 827082 209268 871133 354688 702606 349036 998914 901982 757475 628985 176223 654577 652864 575406 590585 901872 384500 462475 382378 375087 676749 166675 614429 437937 103057 864742 484551 401531 279825 139061 542284 727185 563611 698327 805602 590993 266995 736836 514094 908328 106060 504038 596681 648719 357031 403161 352405 875605 488134 462919 904982 591135 838590 660325 722906 859582 822289 895506 270866
576242 476893 115154 737075 877991 150309 142919 737050 496553 513338 214546 678620 474772 323691 247608 447421 529425 993683 689204 869091 244794 818602 673216 473510 271851 821989 875978 338287 574792 326837 104711 714206 956371 846614 597962 319533 603352 182561 381560 583932 299077 381442 594412 970841 924765 614105 413771 613083 354028 467700 172892 942666 573192 236949 583836 648446 751212 353492 852732 982746 779997 548779 704961 116703
557355 653690 131882 774444 526273 591164 195733 530021 732695 336760 629600 569563 399513 293686 752807 863112 906384 300662 457450 978494 994610 257081 458748 417858 764899 872552 694315 874092 217351 989236 506895 944138 598030 670944 782625 562868 370654 426488 220815 707471 828928 847356 976795 674300 168526 956725 972753 528872 343471 127454 697334 930055 639814 710783 225319 966297 643644 463572 969162 598162 934763 257099 856625 222734
596598 808373 801024 486813 267034 134154 881040 883857 281203 147927 487009 847260 149905 525516 895249 451872 895755 721528 660490 221675 181868 814480 879596 404550 176071 547143 486383 936260 933714 970063 474325 889412 459507 209762 412911 983493 487730 516143 595967 949679 824343 264741 637645 925363 433639 905842 780700 100166 797731 572655 247466 511010 464708 866279 578259 772585 260071 253050 408455 105067 176560 630681 865096 133908
914307 272927 197210 323412 644499 250686 465890 324450 382617 732237 809916 772812 805625 518339 462878 520120 394933 998331 482397 132285 540646 689958 956056 632089 821038 240981 104711 518875 590411 580725 497447 244795 232808 663736 925515 249595 620570 645315 201010 193823 145781 183908 981130 685286 239752 856300 556575 675576 709050 634994 209548 990076 162876 418407 748922 161619 829262 173661 760838 188301 513888 368247 582785 848274
171164 909146 937875 375305 386834 211466 102443 292828 902897 151111 107495 636899 735940 234167 504217 782126 100151 379085 635075 457316 671107 254126 497172 865785 814171 626597 929736 608045 835109 186761 278575 163558 254186 193359 296816 828683 503530 295540 343605 661389 611484 633823 478946 281792 473224 294806 852366 952830 940980 574730 334408 561039 250278 861020 345693 215210 387268 239170 895074 495134 332114 807962 589945 635425
687290 328406 493927 775887 753479 253668 806844 887035 679593 692921 944092 612403 877245 150650 758404 985751 838543 463018 386386 722491 898323 529974 128251 456002 806072 892483 232427 896891 545910 495460 366446 328764 421817 244950 808453 562051 757039 875919 383489 392196 327403 606300 791067 354584 347521 376540 389733 789494 540299 830744 620428 805324 840121 425306 274383 978008 235778 258716 921400 986802 684160 335620 461501 740713
710082 251376 729819 474011 875506 339722 895842 459258 149535 142113 787803 916501 124212 823289 108770 196463 341650 719659 854211 344960 268830 361973 898249 180278 240562 274894 503517 326946 388934 564911 290703 388977 356649 350082 799045 440555 290066 618021 153746 880297 924743 736024 371980 423955 635058 809444 236131 374676 734230 953658 126391 658155 174272 119800 940827 610026 925810 137347 697249 448009 687525 101441 820097 955707
346596 695468 593514 221943 993852 616381 807230 642270 777009 492318 959038 333673 439804 516863 516942 784386 750236 196559 777601 675214 874998 803707 117616 767156 390110 917641 233182 248415 809168 723754 941991 783437 710419 748897 154693 264787 863553 514088 150503 180055 778958 342882 577222 987209 425689 513598 857966 463873 347366 871136 546232 181470 243188 444804 267835 314146 737817 655775 146315 616874 887977 119459 761937 332469
218642 385734 832699 285863 213101 975627 267235 918501 188585 973838 268975 907019 628078 223778 448962 750266 542702 689134 872133 315944 300975 882207 636741 743396 191242 668016 180653 151321 356018 979355 143246 979431 297730 747589 964998 393533 434497 940464 519909 598940 355072 537876 192598 467537 716527 517986 584042 767976 204892 910728 293583 634394 671165 250345 196670 439317 108107 935026 603789 495722 392697 961071 246756 536763
645516 900075 320671 832943 773089 974561 991591 512360 600017 406861 694197 916990 265371 642561 343116 147393 542238 173307 834894 406126 123165 440738 805675 133640 132873 741266 662698 917189 756046 633543 182408 611612 973064 729244 615194 498632 411689 992700 772425 358219 298988 865894 362993 668531 219923 291778 208428 981255 961664 469044 536926 835856 360501 343837 976128 678398 195850 950648 209340 938857 928765 713064 299454 736038
722744 372469 334046 762060 832536 643732 781723 354569 696607 555496 809674 446283 325516 820278 729611 225351 976589 220575 729323 447653 312954 519609 292338 379603 258867 730806 294008 395006 936633 874966 907954 344219 242021 607909 335065 595449 601654 868669 703328 729018 554073 583627 355040 894427 731914 256244 422154 289286 652870 848687 745290 489074 605141 459620 872311 392838 468097 725160 320036 562499 664096 357958 737264 659930
210386 269547 154712 121459 584616 743651 265810 824120 226996 731205 116925 947599 912518 794478 767935 314871 526170 739375 541102 117291 317413 606133 580592 131769 138451 394166 397618 505780 541955 704455 536863 493007 899655 861795 125325 923476 658461 581842 646897 603979 644035 296146 570433 437195 106581 641592 855702 378895 262488 645223 561087 186214 177434 571889 426351 479516 209826 233190 425788 516352 457844 606987 945316 973072
222473 408491 339300 672103 866936 829710 423035 468745 279167 940118 902087 263131 983322 532112 999773 114714 417359 792613 749610 157053 882480 250389 972657 283811 883256 361135 604625 785686 612660 155694 161590 780833 573780 277363 206384 716937 540948 817643 681362 396860 753972 991020 175855 471291 478674 315407 489965 244323 137828 215689 803990 629118 591240 189876 954628 243221 546687 306076 821507 250760 334669 766144 725047 412843
339318 544818 627610 543748 676206 108023 505938 494127 568645 679913 586628 336682 460603 902693 865528 921651 961571 902849 974727 769762 254022 281533 447322 559101 886644 636973 239591 204423 313273 883094 381218 214021 624589 702136 603029 776556 332312 291802 885524 174305 308774 797640 775668 465827 447100 738195 192548 387206 645109 703273 538406 205859 126975 197194 500411 822720 890769 828354 250871 753393 554943 605631 903385 984683
370014 141619 609894 655490 759806 848406 235752 833972 864257 913851 643846 448680 598610 581612 296070 234215 426499 467106 595116 534487 330947 746541 219664 972411 866809 966851 560595 760835 821155 106415 175300 110280 640316 198062 866087 985166 830757 583172 629988 240812 991602 445426 553660 288884 283112 576225 136689 246674 276783 534502 386961 721282 896777 143966 781909 274079 658529 509187 965913 731238 627831 618892 177687 277283
555408 280225 967428 127122 245261 232480 468359 100054 496339 596017 256859 245551 264872 432264 428253 844371 107753 815371 298042 477417 262780 119024 298996 990434 655319 932459 365811 550185 309454 501905 120903 128026 720878 440827 989545 699077 659065 584869 545552 988707 615436 369042 586093 930852 875723 704100 214717 365926 930702 426576 564286 588012 940416 675154 327796 305849 796259 111399 164103 435267 216909 702760 325478 514168
867863 660368 525097 120085 620635 911772 591162 341210 407187 322408 632820 334959 355887 920545 976450 428713 708774 691283 493256 820386 605704 624092 605746 256268 129444 980577 286305 144124 908867 714574 500459 531790 245803 476669 149587 996962 253707 608519 704959 294485 695143 202090 311899 211557 945362 692572 957079 999808 311200 840353 376775 829836 671894 911867 227317 386663 577842 297824 316848 332665 223477 797131 307826 769295
376612 183622 681704 826769 149914 840772 758891 877651 449340 634200 539861 800641 464025 908810 885112 442112 525949 680785 288951 859918 443337 722639 544066 889083 479289 837585 742084 356189 408169 136321 152578 266179 395529 122453 712931 484046 304479 966040 890290 885009 473590 283769 861597 302159 570729 636445 989804 206073 660391 782286 359626 724384 208770 934980 937562 461738 914145 745542 940138 520742 556060 176663 620680 757348
139125 379367 171523 622530 211335 474319 492054 844712 123635 731348 413550 942085 864319 422982 743226 413433 184514 648105 799007 503735 679014 203301 631797 642547 173176 689142 778060 323863 578644 302543 624293 124852 448629 509882 527636 905559 567574 338998 641558 280718 329500 947834 370892 756096 935775 578389 554106 337866 320024 712545 839887 242032 263391 693973 277022 570735 123388 341286 897172 131683 716922 260000 153897 923096
460611 380607 567902 185031 999782 774445 705678 768570 605095 752791 681295 166343 867052 405843 991144 319032 204645 754717 735117 712437 474077 459912 477090 166810 860085 937585 336399 483422 101117 181701 445018 666135 211980 210588 797041 170381 574273 353775 941728 774594 265851 983347 339761 364568 764772 754821 975748 215778 665239 897965 449617 432248 975182 115913 923575 815825 707434 697302 231844 869960 681317 798063 466072 780746
382220 468160 772874 885389 189391 121829 505483 311663 112821 368234 164405 744104 631679 737573 506977 886397 593221 813702 679232 418427 866352 903296 704388 790776 129222 568503 649341 878103 362738 692083 436779 485102 643599 258372 541104 240801 830963 592583 477618 607531 778110 175601 689935 772466 425503 954543 292041 806978 338025 541177 351357 918935 966014 505278 999981 468799 488291 401991 624038 604976 106857 658311 121026 951206
577883 415421 369173 171059 804252 756661 469996 348192 584833 257374 471142 319064 920245 995540 262036 864594 377911 528899 835594 294595 759307 955864 882735 864943 578633 864023 944916 422083 672703 239142 627491 134482 132676 505131 716080 522191 197454 845355 727684 931904 387668 378101 820092 271577 384667 812641 669141 909923 350050 357731 463595 761022 612188 255776 815387 172911 579388 727382 281449 390525 126093 588615 453909 948537
939620 960448 117695 864208 989631 143201 811814 601880 584150 430397 299016 704295 845430 165824 863405 935879 892843 199591 591899 706868 656800 513034 779942 626008 646364 180061 883958 950865 530414 827091 676799 754131 341594 264519 132287 635439 749083 241711 514955 892047 569625 635541 468482 163749 623039 370010 603286 970697 744914 459080 588275 524707 423410 517192 217991 387706 906135 955641 248425 233646 831750 214942 119701 567375
803179 647629 362215 267224 569703 736872 539656 800507 252617 415767 193061 790437 471211 324815 342952 890801 612864 144122 749849 501070 154329 319763 490089 246999 347439 637674 298066 866613 536746 195605 726731 665556 862805 778536 361932 727452 338996 644039 896915 308385 505999 544651 812866 234762 870409 280670 927512 440657 112992 870239 772839 840273 884243 781112 531488 340038 344482 344204 751419 962633 431035 607033 114055 847877
