428429 344033 211816 964123 618727 732948 122815 218343 267932 114444 626919 109850 154992 911631 862515 966354 848960 124759 926547 888561 351104 222855 916951 593371 131502 186290 967530 626983 818974 235991 651941 307095 693378 965289 216490 466158 197052 805104 434643 353918 954765 895440 148895 158665 576862 218177 859138 301768 417456 908567 150826 913038 856172 546859 288793 866194 489171 857759 704158 193775 212310 413808 364325 447649
632722 439797 306430 174151 869554 158968 595370 735318 789160 137338 960531 639784 535406 280546 444691 410942 672610 785911 168633 736582 184838 829234 916788 510798 444823 643417 408235 539552 673314 521995 304711 626971 559720 107531 994775 319716 198411 652668 652714 694624 552543 541074 483191 785696 503886 227249 843347 500671 444960 571139 303367 165632 975931 365971 443841 252245 431544 130793 742374 992157 531736 290853 542610 461422
525133 122127 202713 308833 946090 998289 143761 263052 295624 903466 169504 787796 476229 362734 762159 495622 308368 181155 291404 874931 752372 672385 668520 653058 428199 743769 907060 277620 709952 362810 435937 500196 413446 431127 940234 234285 431818 482901 793692 228695 287493 579220 438843 568121 358581 848209 879627 295975 325659 958785 892769 775297 150050 356120 460529 564946 249243 397377 405034 738320 391360 562044 146877 501206
979735 835035 561332 685583 294837 413621 665492 677288 968509 891948 238123 781185 292492 597438 561054 409960 281329 285407 203453 353437 769121 926802 306970 667925 815390 899176 897564 154638 473862 734075 512123 537450 922629 652513 236487 618960 383265 346065 997589 503759 447952 885000 815387 924691 698395 394394 184342 938970 852837 674576 517723 361890 284700 330734 946615 156691 406332 897048 908868 202461 192151 668105 824072 766141
172343 165228 443535 350692 275573 510750 320233 389317 187531 456678 393333 611680 337920 985135 831470 956905 867802 419533 299206 665637 678369 775659 540072 236861 153251 131888 110799 532803 755601 651316 857392 451858 559973 369774 207595 319022 272538 145656 633128 155179 341833 433570 869739 521245 521876 885881 511788 786207 546387 862368 241695 284750 993801 666058 249024 456341 892240 163724 243967 690356 126995 346230 623207 616044
223233 591169 249508 495596 434032 133487 353757 323183 314432 436493 675057 702694 479513 866868 271977 151940 456621 358083 751945 847406 768879 478494 668608 222850 513111 712734 252808 179517 340931 669180 399800 111007 322395 334599 418116 916219 146603 336473 577143 812527 598409 479536 613610 830912 525379 526447 719887 491264 575976 569599 175271 825600 495150 471660 334277 203479 427200 502094 555421 880465 935514 652528 664427 823712
749690 953400 884236 861018 502579 385174 919775 142149 826103 739390 480117 893638 444453 297037 647473 330938 267043 524647 786440 808725 163785 806127 831805 414002 149919 736799 920553 422053 884958 176025 421473 638514 220222 216467 277128 313478 495427 588992 792345 974175 227632 216722 767415 288801 762558 589126 665372 547237 970093 796643 560427 137656 594181 368387 640913 785042 277643 944788 111201 953319 783348 496203 190842 186991
559287 414392 972401 883809 976922 775301 545125 873255 301024 402375 418359 702303 526805 829577 870096 980275 136146 197254 684634 214513 365306 355465 220072 170966 131125 299460 932113 508430 626952 913540 727361 465401 421954 654055 608766 957972 451550 120588 322519 654227 114203 919342 493985 434285 319645 850773 905409 147085 583013 418108 846453 521084 351640 282298 489093 968937 210441 706042 615792 536495 517651 153667 402459 946249
349366 655553 672495 398057 398558 815362 463883 696926 458488 197394 613784 525645 887757 621023 681449 108285 137952 253687 922464 359081 364765 266707 692497 374790 241677 404231 841953 268728 378111 600883 896667 314889 819950 418693 994951 925240 947691 355606 579161 468177 943451 948190 441959 195061 452635 738937 719722 951920 945002 300818 981488 523426 747404 161933 669099 802288 951450 756862 699446 504467 768162 354916 498201 941945
956559 665489 354386 832551 458803 749498 865433 964825 169026 655973 236327 294555 168585 215607 407330 516810 258404 719791 521238 901587 356036 677016 777902 283920 367424 832754 638193 857845 663260 651208 286994 663217 980980 415677 386255 818501 105910 553545 215965 194901 974265 257153 730954 166516 192414 708789 844116 330789 972212 494685 168777 380461 909729 320193 497655 344660 117557 367310 421412 578079 168530 696169 466092 477547
858922 363393 258701 757615 969095 771108 627639 606348 372373 550342 953446 308246 562111 172408 640689 403451 239456 458902 175834 430644 402351 593431 757737 157087 236877 798315 611118 941351 863884 251784 370992 691393 613790 612921 713898 548096 130544 384095 237603 691131 940986 502200 275724 277892 251610 575063 389190 238612 382916 902652 387642 334743 196281 326055 537010 463689 397077 342590 131855 724710 342921 675495 102840 358849
414787 361370 449982 953685 888209 117748 900537 607044 514668 716768 564455 346244 445854 722986 881203 172819 486070 208778 962470 196343 862683 515992 756363 582831 837334 441152 288463 159263 344186 783087 984718 606702 689674 407018 241211 400675 695486 557773 271631 383185 356858 927835 470331 909844 793912 803443 968093 259240 160176 152702 177925 297180 753127 276316 979791 419554 570169 914077 114776 810758 532697 756844 313825 690097
546823 850406 365026 805114 641449 972597 466840 531730 761036 327745 917304 182696 813786 695085 868328 836237 256393 893333 345666 195873 937116 715400 489530 862517 128464 938857 344633 571531 308285 144738 848418 955340 282464 757388 619037 898562 451089 522456 772327 750344 519332 659026 877051 384361 743971 614707 668200 873572 489665 536811 793999 320763 272891 594632 495058 103052 549191 244037 312689 857279 650796 386968 771934 925776
563776 582124 362627 589655 457905 271121 548123 627581 364517 219345 398335 680604 709701 833879 907516 330233 416078 131232 466200 753070 804571 549053 907936 245981 262234 480307 371429 910214 262678 661720 951787 765786 722853 422411 464285 161768 245807 587585 600201 494342 188667 532271 439745 426293 278009 135743 445331 975445 769815 690567 101916 776933 936951 845156 322590 485701 541059 747711 360516 487991 387998 492251 297684 325518
601365 445813 144149 191647 909636 912946 292124 979200 252244 422503 675391 285166 199892 897120 669582 637178 216406 983158 751561 493060 507089 568002 991305 667158 896313 631912 238172 847218 701382 912152 877983 332528 596372 781013 771499 125366 954460 340009 567878 790920 760238 266048 809121 623033 457964 837468 407138 255172 176868 961506 326090 156006 845244 206106 518672 238991 624219 347758 146216 889803 445670 672882 955005 458047
751261 607781 878100 135524 766339 191009 652521 327481 907546 636243 900716 204806 664725 869338 807949 183095 289492 823889 679599 355568 949630 186815 150072 381830 697802 872469 201046 850835 493329 571795 667181 719099 951000 646290 293795 577195 420991 167562 715635 433722 896597 278899 217172 829875 310452 600406 445494 509158 992263 309995 978087 402606 797880 508525 218375 251824 811924 363932 649122 759733 813411 395598 785040 656682
659573 694001 123065 317051 814070 340355 974667 841324 836528 601763 177860 560175 149401 212550 495391 554506 469252 361413 304114 757087 314414 260937 762419 416763 164948 749872 920235 301503 880162 168336 402620 645242 915396 286905 353170 770748 463436 681360 435690 358205 490087 376167 175604 780342 179171 448805 356769 595358 915335 468821 210509 608594 320601 582767 145649 358448 381269 924711 772103 489584 125048 709391 719178 474920
921706 482104 976624 688950 985458 866539 160303 293062 884886 175053 197560 242010 492414 528739 117107 966996 145909 830136 309275 337834 665993 581356 255434 626891 112469 235978 575345 318977 760241 346477 598177 833924 940206 220914 363565 518563 954223 550062 336589 771217 407207 829074 916027 268617 590430 510854 867326 586303 449670 557772 836393 362522 267715 238104 357109 429970 645754 285996 737292 902826 157727 279288 934355 150684
864682 545626 315087 250554 697590 842072 463942 651221 441106 863655 755999 194675 538030 829230 404826 374020 714529 974098 747514 598594 545904 289608 383730 783832 844031 257773 376188 364830 267628 375490 298397 803764 582541 483073 922338 717462 408576 632841 305294 784486 384414 449199 196010 659486 129443 997812 178445 644826 358868 552099 823629 941139 410885 744937 448790 542200 681759 664061 473275 820268 641527 201083 485195 736680
379018 216658 466546 462791 475859 748891 383136 777153 394524 555222 983996 608315 706087 801437 918649 113447 859981 359843 296438 603136 537994 578858 557426 978817 354458 481079 193778 375130 535967 359898 364205 612976 393113 296591 962219 989258 369783 702865 552599 220091 181181 427200 481571 431652 815740 647642 549325 554822 363047 478865 552270 764447 697737 412549 136191 856443 951384 246755 753275 536215 322797 306192 243483 900144
793159 235912 923003 682084 592313 987678 721533 713396 830047 581940 461305 401544 587143 903585 822910 572269 233462 854827 402606 919561 765157 759170 473320 997690 705185 383394 483041 727354 872904 596772 413743 530680 102596 532926 854902 472029 388968 745479 867213 247633 660035 652024 144706 518451 587715 389578 309101 733959 754799 743241 365246 599974 757482 681521 201581 158454 751962 262329 408568 807085 744035 313084 447336 459043
110188 757379 750257 310369 430133 754086 367488 639319 195449 690516 569687 310278 336351 306283 652142 821028 575738 506191 189246 252197 714130 961894 276548 397103 126079 504512 899005 497144 383702 159807 857395 935707 682070 789861 903581 866805 371537 557205 336095 951043 958961 845162 336341 315250 402333 858008 690767 298449 993505 688072 973455 183543 776651 185291 143980 694353 961300 168840 194994 378418 716543 377878 773056 623229
446078 498292 310539 733893 173124 712811 612016 338361 404698 450188 727442 588838 280578 431776 723582 639153 557573 487557 879295 942317 411038 253403 735822 783310 316232 547682 300373 934741 694636 745087 884363 310321 662884 941074 394134 541293 272041 556256 889559 958082 435024 540733 206773 431628 912981 546105 835981 263850 969511 921805 706052 205610 961549 186467 785619 714339 492075 451516 575341 650662 381663 108721 966752 772684
255060 482337 351204 699137 663704 694950 586521 185878 768495 293566 330536 595588 432841 717310 875728 672114 794471 476854 827896 384607 584546 435057 674255 801455 726391 601175 410512 606462 624934 452868 615919 468516 822525 523023 857464 334291 230170 237207 987239 962958 851543 373716 425690 857880 392888 587096 117896 184161 310914 144940 406861 200245 516270 836179 553959 323769 168516 274802 735056 900401 456119 460985 898009 396141
310544 892934 163714 755199 500464 590510 231429 106656 811511 470405 591338 223567 253004 835273 202209 506082 251104 999457 342517 332978 808729 980376 564223 609688 352818 129480 669270 783749 700821 172445 984622 551501 897668 335780 267111 153886 414363 206787 165836 184841 871838 997318 231040 569125 565959 965294 130497 289361 455252 291065 959204 131891 636203 861608 531171 846719 740246 253745 720049 883990 723326 840776 807667 748393
411745 782976 207783 711192 102503 440726 372634 725959 413531 168378 546305 442559 641297 269527 866670 983944 591775 536403 836579 671332 679965 375711 876343 399031 366655 251949 396473 237794 780950 423277 954409 863504 716817 134378 307161 691257 253223 681843 944788 301938 952843 183585 166753 337157 341507 865650 556467 597134 269834 400853 442266 250841 147186 798807 333075 665503 328393 427814 284332 393545 303401 205434 143487 709360
581860 741913 399337 901597 498602 480548 312969 690807 988900 882374 109902 229919 234912 591925 186651 605408 854263 373528 411991 190756 676396 771881 328557 822250 888636 512437 116893 266320 500502 240767 832952 634178 637858 229599 899578 388534 872237 248838 657135 716551 177341 561093 202648 180089 288414 578458 409576 904321 485921 580416 316445 306292 379377 767201 450805 711800 355362 607395 562478 865089 639704 679253 907627 550175
429677 844657 928074 544009 560467 312880 291769 335344 285138 282362 808074 920068 408944 710952 786269 756227 387152 472031 822422 573877 823830 781398 240822 824275 121103 292015 143496 670731 354494 851582 636098 833262 395243 807954 118099 962964 842239 880770 886249 657508 868478 589292 328405 188445 228483 670494 282012 382326 679487 815891 836371 636020 471823 628974 115444 875693 926046 613726 227887 194720 565776 348467 420635 991735
318213 470656 446395 192497 614869 494740 134282 367467 668264 912871 773431 663168 867338 887121 587490 171533 902562 713866 184390 801862 845356 533779 808263 423158 640991 563155 172901 792576 984312 876130 305841 697053 576356 899174 368679 887093 790528 249360 144270 801189 800980 240797 263715 344658 541034 134669 722348 577539 641220 400775 134752 225605 380477 152563 398696 703112 473168 340188 625522 424146 503383 839758 548880 805153
300257 784435 624256 573847 494295 958407 170421 933832 849743 712743 527013 351918 902254 806146 436711 888312 172083 882711 595773 148065 693427 424896 550577 798175 594410 507479 454248 494932 164263 371730 310506 859726 551702 300750 132526 339755 462588 921471 235035 844485 340740 817190 818480 349164 749103 816390 929303 946564 211639 747681 108462 349034 110019 236442 295541 255941 153395 324681 976392 954058 872687 448930 153866 108863
704301 535197 795668 157650 770178 443891 117547 305772 933046 840865 435555 591635 169593 284687 234438 310972 413293 523023 878823 854674 897570 840062 420098 595355 376826 819186 273431 687001 422932 108641 806253 796396 838396 489568 724717 745096 897219 551606 612404 355359 114912 821405 936826 515706 436592 262615 383133 191915 125285 371107 399558 149108 157412 868662 914324 655901 207659 655412 284327 721663 182694 814858 403011 485071
140509 718996 246416 926973 636787 464639 912656 952112 738974 654008 783552 442897 186020 893611 191038 593377 551378 291301 192965 665643 416571 377395 921541 309344 670376 327677 895722 515776 867722 598418 125781 391562 534110 373829 242648 313028 234458 520146 627666 315740 968466 458538 552241 377178 453764 359791 801956 972035 739919 792034 465108 705655 798006 348342 714242 804612 654870 392107 610222 462736 307192 392665 813871 816461
278353 927647 189736 261440 408130 390997 781720 864990 259507 233517 371806 248765 512587 513609 505171 373935 111954 185569 429803 800142 964244 631961 162871 894341 217671 845126 965911 247690 566902 853775 875018 432575 154257 491593 488465 271485 229681 955408 895823 799235 550172 226538 144170 659086 753890 420769 221020 773468 268124 539068 133190 777991 616287 387810 811887 405721 417785 610964 878516 340723 940656 550931 252903 487781
732860 631298 710792 987635 827798 720464 151815 558987 733793 471884 282350 530258 218953 154069 606347 778225 559457 239980 659323 337800 221635 333684 399652 845847 501803 700231 428708 904696 584954 845069 665337 143888 296336 642338 677538 734474 704414 826317 426071 120339 307072 250853 355340 221388 851602 896605 281401 443340 344985 981806 223475 413564 664631 377740 705012 978114 512171 231742 529650 609193 214210 671374 961863 944718
502866 723171 529301 449582 241183 170961 367027 280749 597512 183350 113311 789510 530011 632339 909508 879103 854594 495802 239030 907519 706467 618544 933422 253332 919881 420633 876804 306990 499354 762761 456768 133864 528618 826472 827045 358943 545755 678447 579310 860947 264841 233260 828519 973007 824054 325412 716914 564377 221873 504826 760116 369833 871544 283799 149959 524643 659702 805262 934360 119920 900747 867596 387313 979722
361642 295009 744541 195217 360364 610295 639504 973727 488855 213055 665894 590314 560903 560507 129829 416962 739687 714493 548759 803853 467509 375099 433490 151742 675814 447367 918961 320328 650097 227876 210696 991680 568058 698776 884976 842839 297692 341816 680400 804735 178977 295239 973933 354171 700639 568589 957039 320202 360460 947028 577056 142976 409494 530120 850081 394173 555140 609496 755903 735016 835680 721531 317262 955024
120341 168148 158544 424773 175236 386195 338519 980471 446816 400782 675759 554126 117574 918544 731197 755925 576013 705745 130560 505232 813653 773372 222861 681147 866186 375335 909560 173476 438815 994217 294468 819096 528673 558068 142972 525716 231149 465406 663073 766654 846704 468519 802932 845385 128434 374420 204384 502152 469578 405211 314934 233541 533911 631648 103191 717091 604578 550972 978757 312435 244991 806578 895999 828268
695964 241182 361106 591957 663395 185702 583455 533102 471885 249785 447974 693407 828183 355310 282352 638969 876771 825946 144387 201695 868794 595248 137387 730496 235473 942762 914473 297636 181396 167999 688970 373542 540828 945264 961926 650817 348198 800325 166122 772164 643296 606664 985105 757150 176650 960822 266755 973261 477340 405369 307471 687106 183618 110823 585995 404084 663165 538870 255110 619729 854584 431942 540237 860330
407629 187755 616799 714528 899313 825208 747877 440623 978910 709024 650478 413906 463482 916515 592646 647294 976862 842151 451192 190502 926637 988773 850803 497185 345821 879785 210810 472069 101628 578737 836385 807386 540187 567260 682519 523253 583632 713012 976339 320756 263650 907359 229649 973569 854396 958013 433708 383820 385399 303313 802917 296234 828579 280583 263928 573176 195523 749224 864474 531659 945560 421220 568223 405745
253627 394114 797949 150323 139796 178056 908561 824932 431858 304525 378315 907809 314806 517296 999208 135618 868120 894447 868658 130479 403331 445736 696868 998617 701619 636835 408882 683213 354909 779870 846493 175285 914626 352641 517689 911122 254822 798600 665376 523975 845857 626266 427029 926319 944564 864366 789097 524753 201925 385764 244444 722205 389947 469075 331857 440481 925155 465269 165278 629099 907333 173806 279558 209983
740656 930847 217470 923693 121006 272919 717481 727188 974877 350980 545580 942650 196491 431008 423272 983072 249904 210021 614597 347063 755083 380785 669920 920659 160018 305337 232589 485110 952227 714899 319180 282495 866455 196946 369439 384104 992101 915246 253923 130736 551485 321418 537166 878760 824924 720468 941449 872780 919607 353840 853580 163297 391176 660607 235700 403473 736299 332532 618306 163236 461738 492202 852616 926186
376452 407986 610132 478435 159610 685098 675947 277401 190003 290323 464334 156418 261583 243182 552704 505893 976636 313560 281275 569855 504354 624116 382929 826578 400705 902498 485516 644739 236036 687854 901031 950192 311287 296300 978117 623928 215368 211094 920265 284412 410772 201904 640450 477785 622712 270781 728395 700523 548458 627939 412711 228473 991819 199940 946601 830817 695402 166367 312098 878455 152794 619503 248241 108205
850541 410177 493155 157993 723088 203449 637325 133358 849851 974128 277609 484675 534589 327786 270678 467184 280537 745563 878675 901434 944995 249961 521023 864551 565521 248779 585322 459477 292303 437771 569694 923491 707855 168542 847575 578959 615242 140558 798527 366488 456176 515632 293798 991327 710624 757776 455420 965566 934524 185636 829736 910205 815137 992288 202938 933810 996560 268149 543063 322638 161985 105466 527733 511693
971486 871095 479124 873687 534556 832660 321666 553318 817748 812161 196291 261478 176191 299970 457352 215128 334989 943830 847818 820044 726858 183061 129663 815107 957554 456790 546716 741452 499641 380659 886064 256499 699528 345173 114806 585518 635458 106897 219939 965094 946233 813827 847421 285747 932282 444762 430574 201849 530142 493129 651328 353381 172529 597714 936114 819252 806813 919454 190207 456535 688180 706481 183462 773168
175899 950930 903374 765958 263086 343093 463854 335017 752872 694006 411930 171899 393408 395188 216560 699944 131167 286833 211148 144687 177623 405817 691800 756690 638207 629811 354598 186104 858735 623553 951047 971304 741659 417870 931478 433099 452682 609783 955937 679781 624179 505203 614689 445970 636231 833428 817345 951271 326237 474173 624377 508131 397854 824739 722929 681075 999181 108912 408827 628131 290358 450387 801931 210800
759411 896051 463299 403906 717918 973681 241160 885759 428144 198539 316188 126618 225039 209686 371929 320075 175026 551785 739463 308109 154184 686942 347615 624569 393862 374759 160044 395894 656004 513462 437332 354655 238801 431334 575236 238019 751181 478523 432083 144155 531974 888256 941547 988831 144402 712927 659112 382921 134352 249014 441356 280824 953994 454526 433639 284835 813556 729976 846128 335941 904859 915041 613736 706172
387353 846340 875831 851501 253804 180974 313593 163173 444017 804691 963731 567591 476080 495772 384180 146425 617327 398177 648517 737524 387591 656618 535648 317712 413468 931435 827091 220827 224320 798651 925388 810387 558984 362627 844135 874456 215940 748020 412569 211118 132824 586182 784030 398292 823119 464567 400749 976164 507310 868706 348377 701275 671181 245807 357746 110119 490445 944756 433314 848346 345406 329344 536365 578723
999593 156173 872219 800607 103331 425373 199716 779706 664197 995528 320963 797402 921751 526853 817830 277887 965994 746869 840981 283010 931454 273538 842419 342803 886509 712831 925021 143295 835890 503882 395478 692207 984674 861226 696335 942664 196195 947561 206716 223707 833834 374004 856417 754306 433882 228065 969129 977571 294491 588980 729502 564795 829813 280911 249615 608866 874362 792971 196092 618276 641921 887052 448572 182650
519055 244778 797332 814188 598364 690295 838935 886980 580715 965918 373450 668814 821451 347522 473335 821478 965777 735817 405594 626994 248972 537835 628338 290265 837860 348011 395687 602818 822386 315062 547966 305449 737591 260577 487762 185508 448777 956489 627804 149579 342040 270465 775308 712593 734419 607124 589256 225480 831999 141717 881098 347121 521428 631496 797075 328143 407325 124632 556609 554637 648230 462271 949293 886955
335619 373167 300734 714920 992953 324795 631334 413534 361207 968937 758356 234408 575776 639659 607308 143190 561853 508488 483206 558140 767188 781761 903796 798672 112385 498873 190057 587428 990181 988365 510543 547231 197334 872015 646471 138061 101525 324359 824420 699605 585842 490312 386331 927930 491003 249439 242715 171965 464750 482977 534018 710119 327851 734728 834807 675893 606252 208295 412455 826225 272165 637264 546371 565827
721379 731808 478592 109955 457755 196362 289365 126294 362840 964161 625640 240018 166583 287727 179091 660374 277702 703162 868392 313253 561020 593582 545684 794957 978679 644797 743792 831213 207933 666930 534112 116491 636292 405953 854123 946244 365006 945167 606437 446008 183420 769130 306871 220662 608288 288331 549585 149370 187798 524915 169410 871463 924547 548013 717202 111445 918107 952013 539399 844057 430501 770157 690961 595094
965671 846416 482054 284290 865508 887715 474869 725841 739085 237653 203050 855751 896549 794202 803241 460985 525702 820571 475377 341479 777201 257104 991236 969505 834347 835466 705875 906990 930577 935879 781039 354244 733129 741560 600239 240339 287613 621768 952519 950755 162542 565614 407046 938476 377839 200228 828793 221157 514158 293812 150475 319331 671789 620659 481298 835983 977666 142821 213978 507352 361089 230347 574865 528806
647047 700780 241295 836222 426059 179721 722510 135397 185166 765425 397372 252500 418866 565953 654353 948422 601432 964073 400411 748922 981062 246305 162555 157961 698086 687109 586422 546283 169851 317039 535358 693738 119889 887578 650154 595031 872180 167199 377621 540067 978526 252634 362126 410592 712083 496321 623572 278322 976513 432465 324118 468652 739457 385361 587882 657979 407291 791469 507926 430572 617796 826663 893150 788049
113684 206961 531427 124576 646958 466650 991110 391159 184399 137453 959748 444073 588489 394359 859279 979959 799358 349697 878775 147218 317585 570992 801273 954356 945393 699350 315714 590469 113915 972068 814624 500478 562086 709823 516910 809429 610758 143525 667694 989434 180548 514143 292030 333548 227014 663042 860693 500891 110479 629568 642260 269471 612735 647395 905240 823427 640588 158711 504068 141988 270178 500790 325661 492195
702909 747934 665956 419648 247994 840316 879716 666947 920585 613174 357232 248102 938452 620808 938312 337202 198147 954699 703192 629663 781099 180504 240850 467370 581818 175707 766915 455929 417822 858106 878258 572828 227715 157722 623391 816763 487527 595805 192269 520088 303437 953998 410674 623263 971759 383326 947266 578630 541750 959405 352169 291755 453143 285920 416289 408447 903555 342847 813401 181316 146105 564976 923342 805495
961067 708814 947000 519955 405583 106340 819918 699708 651233 356793 159881 891491 607974 897076 541912 381674 592488 246408 694434 745209 325021 695761 601810 674696 942074 662644 686873 136498 402834 733565 960599 367772 424763 352261 589436 197713 246280 185213 912175 766711 490501 886727 244165 232231 656076 258729 825992 418310 985924 288342 122107 768779 582657 346760 356113 237678 558972 882288 227600 758770 595918 872224 431316 187733
127008 558433 750845 553360 531588 258447 761036 388016 759986 273138 553928 694338 117295 576558 597637 207941 797209 500292 399967 318093 654744 693596 853413 901476 373209 907473 664008 695190 548890 486319 218272 865518 337240 329916 209173 909288 934797 968227 487460 670333 189947 337754 191187 747771 999847 384394 926566 177805 412618 449056 841904 977071 409765 332110 706128 382983 960626 140854 390740 644553 910613 416617 627166 638789
655599 194931 701365 276795 266759 151709 473025 421075 548238 950854 121592 805207 962040 518820 261290 289842 444162 541676 428466 576354 944996 327568 300081 396820 116555 773865 287255 670801 209314 188935 625798 338477 930791 700823 247960 467020 553945 670807 424508 328355 831955 419489 238105 822979 416350 795477 655242 233352 689980 393972 320071 561098 340231 142438 135942 570297 433248 919355 445809 528214 739053 810847 762358 376185
983556 124813 403224 828739 820905 215673 105807 496704 362349 398203 432970 529711 340394 314567 281851 206224 598462 442307 709462 696451 535845 447304 857503 992270 417813 599150 432015 461332 599878 484701 833790 794717 872707 375978 347299 687904 750294 597105 542996 640700 995610 687098 692112 422681 633850 503959 810131 209583 492295 359253 556549 223421 939407 586328 995847 167332 805696 546006 630989 493200 900414 553260 452186 911628
601531 869024 438289 776093 593656 828851 172772 942609 310946 497758 720939 905304 973965 273695 531813 899055 403506 609074 134201 374460 761379 130071 603323 835080 692103 710940 766479 424539 168246 792694 461733 565517 369592 801631 965691 619547 747673 491641 564395 528401 291797 533871 326684 563033 408432 725462 611176 181563 908906 777752 964355 456603 124879 893593 311747 310640 430269 367887 759905 942934 562005 181739 805702 674244
487258 621245 566983 219231 804364 817797 963373 122058 993793 910950 303177 105666 468045 522065 782781 670032 541292 425770 470396 382681 869078 982448 895400 543409 765649 734267 170037 512771 747116 274767 164007 471104 795115 838603 281805 352921 990776 973142 116390 473617 141445 838239 370549 242549 920064 938841 734041 935255 206480 894403 793890 426876 150878 998106 353526 639519 508465 919505 290997 428472 455516 376150 608286 705344
593892 611306 999073 456580 209679 200827 304150 302438 832939 248709 586672 486934 715200 509155 452951 592941 871226 396366 512508 674570 669334 314702 702878 351087 448631 664829 769332 848467 234331 670173 722618 802959 448320 144377 684585 456860 628106 650961 872659 549422 886493 212059 813333 552244 716413 357307 393285 953098 599358 690960 279376 688578 446442 511716 603281 568916 595379 438198 291489 201460 688225 777205 515426 971168
625658 752132 606642 769372 906266 145881 885565 568566 681112 100307 859335 647461 893743 142910 800568 581709 745522 885413 276661 756062 391080 117898 151007 357425 479304 681296 831013 790772 148580 797005 382964 361625 998177 576988 353047 124262 325465 401750 824200 790678 587295 565718 311654 478624 604938 583915 721103 506937 784506 894284 443084 171026 138064 335966 671146 637411 615323 646703 120756 776238 860088 237937 971434 436111
217774 476133 348741 509925 461966 976720 637893 726748 697864 143299 837399 256226 477827 566111 218386 197904 982407 149120 927647 665949 883776 622960 898001 181700 646644 556272 418257 153805 321159 723344 495819 879999 723041 154423 621484 226746 325482 154190 127761 919210 860591 790802 365376 509494 186640 868051 301088 194904 540267 541619 871204 763036 177063 589266 154538 973160 404209 231094 245863 810470 442974 596176 722495 109705
